0,519
0,518
0,517
0,516
0,515
0,514
0,513
0,512
0,511
0,510
0,509
0,508
0,507
0,506
0,505
0,504
0,503
0,502
0,501
0,500
0,499
0,498
0,497
0,496
0,495
0,494
0,493
0,492
0,491
0,490
0,489
0,488
0,487
0,486
0,485
0,484
0,483
0,482
0,481
0,480
0,479
0,478
0,477
0,476
0,475
0,474
0,473
0,472
0,471
0,243
0,470
0,469
0,468
41,52
41,51
41,50
41,49
41,48
41,47
41,46
41,45
41,44
17,2
17,1
17,3
15,2
15,1
15,3
16,2
16,1
16,3
13,2
14,2
4,40
4,17
4,25
4,16
4,4
4,77
4,89
4,9
4,12
4,37
4,30
4,18
4,2
4,3
6,5
6,8
6,4
6,1
6,6
6,2
6,3
7,10
7,8
7,7
7,4
7,5
7,9
7,1
7,13
7,2
7,3
5,4
5,2
5,1
5,3
0,467
44,4
44,3
44,2
44,1
44,0
43,3
43,2
43,1
43,0
42,4
42,3
